{
 "cells": [
  {
   "cell_type": "markdown",
   "metadata": {},
   "source": [
    "## House Rocket Company\n",
    "\n",
    "***"
   ]
  },
  {
   "cell_type": "markdown",
   "metadata": {},
   "source": [
    "### Libs Importing"
   ]
  },
  {
   "cell_type": "code",
   "execution_count": 3,
   "metadata": {},
   "outputs": [],
   "source": [
    "import pandas as pd\n",
    "import numpy as np\n",
    "import seaborn as sns\n",
    "import matplotlib.pyplot as plt\n",
    "from datetime import datetime"
   ]
  },
  {
   "cell_type": "markdown",
   "metadata": {},
   "source": [
    "### Dataset importing"
   ]
  },
  {
   "cell_type": "code",
   "execution_count": 4,
   "metadata": {},
   "outputs": [
    {
     "data": {
      "text/html": [
       "<div>\n",
       "<style scoped>\n",
       "    .dataframe tbody tr th:only-of-type {\n",
       "        vertical-align: middle;\n",
       "    }\n",
       "\n",
       "    .dataframe tbody tr th {\n",
       "        vertical-align: top;\n",
       "    }\n",
       "\n",
       "    .dataframe thead th {\n",
       "        text-align: right;\n",
       "    }\n",
       "</style>\n",
       "<table border=\"1\" class=\"dataframe\">\n",
       "  <thead>\n",
       "    <tr style=\"text-align: right;\">\n",
       "      <th></th>\n",
       "      <th>0</th>\n",
       "      <th>1</th>\n",
       "      <th>2</th>\n",
       "      <th>3</th>\n",
       "      <th>4</th>\n",
       "    </tr>\n",
       "  </thead>\n",
       "  <tbody>\n",
       "    <tr>\n",
       "      <th>id</th>\n",
       "      <td>7129300520</td>\n",
       "      <td>6414100192</td>\n",
       "      <td>5631500400</td>\n",
       "      <td>2487200875</td>\n",
       "      <td>1954400510</td>\n",
       "    </tr>\n",
       "    <tr>\n",
       "      <th>date</th>\n",
       "      <td>20141013T000000</td>\n",
       "      <td>20141209T000000</td>\n",
       "      <td>20150225T000000</td>\n",
       "      <td>20141209T000000</td>\n",
       "      <td>20150218T000000</td>\n",
       "    </tr>\n",
       "    <tr>\n",
       "      <th>price</th>\n",
       "      <td>221900</td>\n",
       "      <td>538000</td>\n",
       "      <td>180000</td>\n",
       "      <td>604000</td>\n",
       "      <td>510000</td>\n",
       "    </tr>\n",
       "    <tr>\n",
       "      <th>bedrooms</th>\n",
       "      <td>3</td>\n",
       "      <td>3</td>\n",
       "      <td>2</td>\n",
       "      <td>4</td>\n",
       "      <td>3</td>\n",
       "    </tr>\n",
       "    <tr>\n",
       "      <th>bathrooms</th>\n",
       "      <td>1</td>\n",
       "      <td>2.25</td>\n",
       "      <td>1</td>\n",
       "      <td>3</td>\n",
       "      <td>2</td>\n",
       "    </tr>\n",
       "    <tr>\n",
       "      <th>sqft_living</th>\n",
       "      <td>1180</td>\n",
       "      <td>2570</td>\n",
       "      <td>770</td>\n",
       "      <td>1960</td>\n",
       "      <td>1680</td>\n",
       "    </tr>\n",
       "    <tr>\n",
       "      <th>sqft_lot</th>\n",
       "      <td>5650</td>\n",
       "      <td>7242</td>\n",
       "      <td>10000</td>\n",
       "      <td>5000</td>\n",
       "      <td>8080</td>\n",
       "    </tr>\n",
       "    <tr>\n",
       "      <th>floors</th>\n",
       "      <td>1</td>\n",
       "      <td>2</td>\n",
       "      <td>1</td>\n",
       "      <td>1</td>\n",
       "      <td>1</td>\n",
       "    </tr>\n",
       "    <tr>\n",
       "      <th>waterfront</th>\n",
       "      <td>0</td>\n",
       "      <td>0</td>\n",
       "      <td>0</td>\n",
       "      <td>0</td>\n",
       "      <td>0</td>\n",
       "    </tr>\n",
       "    <tr>\n",
       "      <th>view</th>\n",
       "      <td>0</td>\n",
       "      <td>0</td>\n",
       "      <td>0</td>\n",
       "      <td>0</td>\n",
       "      <td>0</td>\n",
       "    </tr>\n",
       "    <tr>\n",
       "      <th>condition</th>\n",
       "      <td>3</td>\n",
       "      <td>3</td>\n",
       "      <td>3</td>\n",
       "      <td>5</td>\n",
       "      <td>3</td>\n",
       "    </tr>\n",
       "    <tr>\n",
       "      <th>grade</th>\n",
       "      <td>7</td>\n",
       "      <td>7</td>\n",
       "      <td>6</td>\n",
       "      <td>7</td>\n",
       "      <td>8</td>\n",
       "    </tr>\n",
       "    <tr>\n",
       "      <th>sqft_above</th>\n",
       "      <td>1180</td>\n",
       "      <td>2170</td>\n",
       "      <td>770</td>\n",
       "      <td>1050</td>\n",
       "      <td>1680</td>\n",
       "    </tr>\n",
       "    <tr>\n",
       "      <th>sqft_basement</th>\n",
       "      <td>0</td>\n",
       "      <td>400</td>\n",
       "      <td>0</td>\n",
       "      <td>910</td>\n",
       "      <td>0</td>\n",
       "    </tr>\n",
       "    <tr>\n",
       "      <th>yr_built</th>\n",
       "      <td>1955</td>\n",
       "      <td>1951</td>\n",
       "      <td>1933</td>\n",
       "      <td>1965</td>\n",
       "      <td>1987</td>\n",
       "    </tr>\n",
       "    <tr>\n",
       "      <th>yr_renovated</th>\n",
       "      <td>0</td>\n",
       "      <td>1991</td>\n",
       "      <td>0</td>\n",
       "      <td>0</td>\n",
       "      <td>0</td>\n",
       "    </tr>\n",
       "    <tr>\n",
       "      <th>zipcode</th>\n",
       "      <td>98178</td>\n",
       "      <td>98125</td>\n",
       "      <td>98028</td>\n",
       "      <td>98136</td>\n",
       "      <td>98074</td>\n",
       "    </tr>\n",
       "    <tr>\n",
       "      <th>lat</th>\n",
       "      <td>47.5112</td>\n",
       "      <td>47.721</td>\n",
       "      <td>47.7379</td>\n",
       "      <td>47.5208</td>\n",
       "      <td>47.6168</td>\n",
       "    </tr>\n",
       "    <tr>\n",
       "      <th>long</th>\n",
       "      <td>-122.257</td>\n",
       "      <td>-122.319</td>\n",
       "      <td>-122.233</td>\n",
       "      <td>-122.393</td>\n",
       "      <td>-122.045</td>\n",
       "    </tr>\n",
       "    <tr>\n",
       "      <th>sqft_living15</th>\n",
       "      <td>1340</td>\n",
       "      <td>1690</td>\n",
       "      <td>2720</td>\n",
       "      <td>1360</td>\n",
       "      <td>1800</td>\n",
       "    </tr>\n",
       "    <tr>\n",
       "      <th>sqft_lot15</th>\n",
       "      <td>5650</td>\n",
       "      <td>7639</td>\n",
       "      <td>8062</td>\n",
       "      <td>5000</td>\n",
       "      <td>7503</td>\n",
       "    </tr>\n",
       "  </tbody>\n",
       "</table>\n",
       "</div>"
      ],
      "text/plain": [
       "                             0                1                2  \\\n",
       "id                  7129300520       6414100192       5631500400   \n",
       "date           20141013T000000  20141209T000000  20150225T000000   \n",
       "price                   221900           538000           180000   \n",
       "bedrooms                     3                3                2   \n",
       "bathrooms                    1             2.25                1   \n",
       "sqft_living               1180             2570              770   \n",
       "sqft_lot                  5650             7242            10000   \n",
       "floors                       1                2                1   \n",
       "waterfront                   0                0                0   \n",
       "view                         0                0                0   \n",
       "condition                    3                3                3   \n",
       "grade                        7                7                6   \n",
       "sqft_above                1180             2170              770   \n",
       "sqft_basement                0              400                0   \n",
       "yr_built                  1955             1951             1933   \n",
       "yr_renovated                 0             1991                0   \n",
       "zipcode                  98178            98125            98028   \n",
       "lat                    47.5112           47.721          47.7379   \n",
       "long                  -122.257         -122.319         -122.233   \n",
       "sqft_living15             1340             1690             2720   \n",
       "sqft_lot15                5650             7639             8062   \n",
       "\n",
       "                             3                4  \n",
       "id                  2487200875       1954400510  \n",
       "date           20141209T000000  20150218T000000  \n",
       "price                   604000           510000  \n",
       "bedrooms                     4                3  \n",
       "bathrooms                    3                2  \n",
       "sqft_living               1960             1680  \n",
       "sqft_lot                  5000             8080  \n",
       "floors                       1                1  \n",
       "waterfront                   0                0  \n",
       "view                         0                0  \n",
       "condition                    5                3  \n",
       "grade                        7                8  \n",
       "sqft_above                1050             1680  \n",
       "sqft_basement              910                0  \n",
       "yr_built                  1965             1987  \n",
       "yr_renovated                 0                0  \n",
       "zipcode                  98136            98074  \n",
       "lat                    47.5208          47.6168  \n",
       "long                  -122.393         -122.045  \n",
       "sqft_living15             1360             1800  \n",
       "sqft_lot15                5000             7503  "
      ]
     },
     "execution_count": 4,
     "metadata": {},
     "output_type": "execute_result"
    }
   ],
   "source": [
    "df = pd.read_csv('kc_house_data.csv')\n",
    "df.head().T"
   ]
  },
  {
   "cell_type": "markdown",
   "metadata": {},
   "source": [
    "## Dataset Exploring\n",
    "\n",
    "***"
   ]
  },
  {
   "cell_type": "code",
   "execution_count": 5,
   "metadata": {},
   "outputs": [
    {
     "data": {
      "text/plain": [
       "(21613, 21)"
      ]
     },
     "execution_count": 5,
     "metadata": {},
     "output_type": "execute_result"
    }
   ],
   "source": [
    "df.shape"
   ]
  },
  {
   "cell_type": "code",
   "execution_count": 6,
   "metadata": {},
   "outputs": [
    {
     "data": {
      "text/html": [
       "<div>\n",
       "<style scoped>\n",
       "    .dataframe tbody tr th:only-of-type {\n",
       "        vertical-align: middle;\n",
       "    }\n",
       "\n",
       "    .dataframe tbody tr th {\n",
       "        vertical-align: top;\n",
       "    }\n",
       "\n",
       "    .dataframe thead th {\n",
       "        text-align: right;\n",
       "    }\n",
       "</style>\n",
       "<table border=\"1\" class=\"dataframe\">\n",
       "  <thead>\n",
       "    <tr style=\"text-align: right;\">\n",
       "      <th></th>\n",
       "      <th>id</th>\n",
       "      <th>price</th>\n",
       "      <th>bedrooms</th>\n",
       "      <th>bathrooms</th>\n",
       "      <th>sqft_living</th>\n",
       "      <th>sqft_lot</th>\n",
       "      <th>floors</th>\n",
       "      <th>waterfront</th>\n",
       "      <th>view</th>\n",
       "      <th>condition</th>\n",
       "      <th>grade</th>\n",
       "      <th>sqft_above</th>\n",
       "      <th>sqft_basement</th>\n",
       "      <th>yr_built</th>\n",
       "      <th>yr_renovated</th>\n",
       "      <th>zipcode</th>\n",
       "      <th>lat</th>\n",
       "      <th>long</th>\n",
       "      <th>sqft_living15</th>\n",
       "      <th>sqft_lot15</th>\n",
       "    </tr>\n",
       "  </thead>\n",
       "  <tbody>\n",
       "    <tr>\n",
       "      <th>id</th>\n",
       "      <td>1.0000</td>\n",
       "      <td>-0.0168</td>\n",
       "      <td>0.0013</td>\n",
       "      <td>0.0052</td>\n",
       "      <td>-0.0123</td>\n",
       "      <td>-0.1321</td>\n",
       "      <td>0.0185</td>\n",
       "      <td>-0.0027</td>\n",
       "      <td>0.0116</td>\n",
       "      <td>-0.0238</td>\n",
       "      <td>0.0081</td>\n",
       "      <td>-0.0108</td>\n",
       "      <td>-0.0052</td>\n",
       "      <td>0.0214</td>\n",
       "      <td>-0.0169</td>\n",
       "      <td>-0.0082</td>\n",
       "      <td>-0.0019</td>\n",
       "      <td>0.0208</td>\n",
       "      <td>-0.0029</td>\n",
       "      <td>-0.1388</td>\n",
       "    </tr>\n",
       "    <tr>\n",
       "      <th>price</th>\n",
       "      <td>-0.0168</td>\n",
       "      <td>1.0000</td>\n",
       "      <td>0.3083</td>\n",
       "      <td>0.5251</td>\n",
       "      <td>0.7020</td>\n",
       "      <td>0.0897</td>\n",
       "      <td>0.2568</td>\n",
       "      <td>0.2664</td>\n",
       "      <td>0.3973</td>\n",
       "      <td>0.0364</td>\n",
       "      <td>0.6674</td>\n",
       "      <td>0.6056</td>\n",
       "      <td>0.3238</td>\n",
       "      <td>0.0540</td>\n",
       "      <td>0.1264</td>\n",
       "      <td>-0.0532</td>\n",
       "      <td>0.3070</td>\n",
       "      <td>0.0216</td>\n",
       "      <td>0.5854</td>\n",
       "      <td>0.0824</td>\n",
       "    </tr>\n",
       "    <tr>\n",
       "      <th>bedrooms</th>\n",
       "      <td>0.0013</td>\n",
       "      <td>0.3083</td>\n",
       "      <td>1.0000</td>\n",
       "      <td>0.5159</td>\n",
       "      <td>0.5767</td>\n",
       "      <td>0.0317</td>\n",
       "      <td>0.1754</td>\n",
       "      <td>-0.0066</td>\n",
       "      <td>0.0795</td>\n",
       "      <td>0.0285</td>\n",
       "      <td>0.3570</td>\n",
       "      <td>0.4776</td>\n",
       "      <td>0.3031</td>\n",
       "      <td>0.1542</td>\n",
       "      <td>0.0188</td>\n",
       "      <td>-0.1527</td>\n",
       "      <td>-0.0089</td>\n",
       "      <td>0.1295</td>\n",
       "      <td>0.3916</td>\n",
       "      <td>0.0292</td>\n",
       "    </tr>\n",
       "    <tr>\n",
       "      <th>bathrooms</th>\n",
       "      <td>0.0052</td>\n",
       "      <td>0.5251</td>\n",
       "      <td>0.5159</td>\n",
       "      <td>1.0000</td>\n",
       "      <td>0.7547</td>\n",
       "      <td>0.0877</td>\n",
       "      <td>0.5007</td>\n",
       "      <td>0.0637</td>\n",
       "      <td>0.1877</td>\n",
       "      <td>-0.1250</td>\n",
       "      <td>0.6650</td>\n",
       "      <td>0.6853</td>\n",
       "      <td>0.2838</td>\n",
       "      <td>0.5060</td>\n",
       "      <td>0.0507</td>\n",
       "      <td>-0.2039</td>\n",
       "      <td>0.0246</td>\n",
       "      <td>0.2230</td>\n",
       "      <td>0.5686</td>\n",
       "      <td>0.0872</td>\n",
       "    </tr>\n",
       "    <tr>\n",
       "      <th>sqft_living</th>\n",
       "      <td>-0.0123</td>\n",
       "      <td>0.7020</td>\n",
       "      <td>0.5767</td>\n",
       "      <td>0.7547</td>\n",
       "      <td>1.0000</td>\n",
       "      <td>0.1728</td>\n",
       "      <td>0.3539</td>\n",
       "      <td>0.1038</td>\n",
       "      <td>0.2846</td>\n",
       "      <td>-0.0588</td>\n",
       "      <td>0.7627</td>\n",
       "      <td>0.8766</td>\n",
       "      <td>0.4350</td>\n",
       "      <td>0.3180</td>\n",
       "      <td>0.0554</td>\n",
       "      <td>-0.1994</td>\n",
       "      <td>0.0525</td>\n",
       "      <td>0.2402</td>\n",
       "      <td>0.7564</td>\n",
       "      <td>0.1833</td>\n",
       "    </tr>\n",
       "    <tr>\n",
       "      <th>sqft_lot</th>\n",
       "      <td>-0.1321</td>\n",
       "      <td>0.0897</td>\n",
       "      <td>0.0317</td>\n",
       "      <td>0.0877</td>\n",
       "      <td>0.1728</td>\n",
       "      <td>1.0000</td>\n",
       "      <td>-0.0052</td>\n",
       "      <td>0.0216</td>\n",
       "      <td>0.0747</td>\n",
       "      <td>-0.0090</td>\n",
       "      <td>0.1136</td>\n",
       "      <td>0.1835</td>\n",
       "      <td>0.0153</td>\n",
       "      <td>0.0531</td>\n",
       "      <td>0.0076</td>\n",
       "      <td>-0.1296</td>\n",
       "      <td>-0.0857</td>\n",
       "      <td>0.2295</td>\n",
       "      <td>0.1446</td>\n",
       "      <td>0.7186</td>\n",
       "    </tr>\n",
       "    <tr>\n",
       "      <th>floors</th>\n",
       "      <td>0.0185</td>\n",
       "      <td>0.2568</td>\n",
       "      <td>0.1754</td>\n",
       "      <td>0.5007</td>\n",
       "      <td>0.3539</td>\n",
       "      <td>-0.0052</td>\n",
       "      <td>1.0000</td>\n",
       "      <td>0.0237</td>\n",
       "      <td>0.0294</td>\n",
       "      <td>-0.2638</td>\n",
       "      <td>0.4582</td>\n",
       "      <td>0.5239</td>\n",
       "      <td>-0.2457</td>\n",
       "      <td>0.4893</td>\n",
       "      <td>0.0063</td>\n",
       "      <td>-0.0591</td>\n",
       "      <td>0.0496</td>\n",
       "      <td>0.1254</td>\n",
       "      <td>0.2799</td>\n",
       "      <td>-0.0113</td>\n",
       "    </tr>\n",
       "    <tr>\n",
       "      <th>waterfront</th>\n",
       "      <td>-0.0027</td>\n",
       "      <td>0.2664</td>\n",
       "      <td>-0.0066</td>\n",
       "      <td>0.0637</td>\n",
       "      <td>0.1038</td>\n",
       "      <td>0.0216</td>\n",
       "      <td>0.0237</td>\n",
       "      <td>1.0000</td>\n",
       "      <td>0.4019</td>\n",
       "      <td>0.0167</td>\n",
       "      <td>0.0828</td>\n",
       "      <td>0.0721</td>\n",
       "      <td>0.0806</td>\n",
       "      <td>-0.0262</td>\n",
       "      <td>0.0929</td>\n",
       "      <td>0.0303</td>\n",
       "      <td>-0.0143</td>\n",
       "      <td>-0.0419</td>\n",
       "      <td>0.0865</td>\n",
       "      <td>0.0307</td>\n",
       "    </tr>\n",
       "    <tr>\n",
       "      <th>view</th>\n",
       "      <td>0.0116</td>\n",
       "      <td>0.3973</td>\n",
       "      <td>0.0795</td>\n",
       "      <td>0.1877</td>\n",
       "      <td>0.2846</td>\n",
       "      <td>0.0747</td>\n",
       "      <td>0.0294</td>\n",
       "      <td>0.4019</td>\n",
       "      <td>1.0000</td>\n",
       "      <td>0.0460</td>\n",
       "      <td>0.2513</td>\n",
       "      <td>0.1676</td>\n",
       "      <td>0.2769</td>\n",
       "      <td>-0.0534</td>\n",
       "      <td>0.1039</td>\n",
       "      <td>0.0848</td>\n",
       "      <td>0.0062</td>\n",
       "      <td>-0.0784</td>\n",
       "      <td>0.2804</td>\n",
       "      <td>0.0726</td>\n",
       "    </tr>\n",
       "    <tr>\n",
       "      <th>condition</th>\n",
       "      <td>-0.0238</td>\n",
       "      <td>0.0364</td>\n",
       "      <td>0.0285</td>\n",
       "      <td>-0.1250</td>\n",
       "      <td>-0.0588</td>\n",
       "      <td>-0.0090</td>\n",
       "      <td>-0.2638</td>\n",
       "      <td>0.0167</td>\n",
       "      <td>0.0460</td>\n",
       "      <td>1.0000</td>\n",
       "      <td>-0.1447</td>\n",
       "      <td>-0.1582</td>\n",
       "      <td>0.1741</td>\n",
       "      <td>-0.3614</td>\n",
       "      <td>-0.0606</td>\n",
       "      <td>0.0030</td>\n",
       "      <td>-0.0149</td>\n",
       "      <td>-0.1065</td>\n",
       "      <td>-0.0928</td>\n",
       "      <td>-0.0034</td>\n",
       "    </tr>\n",
       "    <tr>\n",
       "      <th>grade</th>\n",
       "      <td>0.0081</td>\n",
       "      <td>0.6674</td>\n",
       "      <td>0.3570</td>\n",
       "      <td>0.6650</td>\n",
       "      <td>0.7627</td>\n",
       "      <td>0.1136</td>\n",
       "      <td>0.4582</td>\n",
       "      <td>0.0828</td>\n",
       "      <td>0.2513</td>\n",
       "      <td>-0.1447</td>\n",
       "      <td>1.0000</td>\n",
       "      <td>0.7559</td>\n",
       "      <td>0.1684</td>\n",
       "      <td>0.4470</td>\n",
       "      <td>0.0144</td>\n",
       "      <td>-0.1849</td>\n",
       "      <td>0.1141</td>\n",
       "      <td>0.1984</td>\n",
       "      <td>0.7132</td>\n",
       "      <td>0.1192</td>\n",
       "    </tr>\n",
       "    <tr>\n",
       "      <th>sqft_above</th>\n",
       "      <td>-0.0108</td>\n",
       "      <td>0.6056</td>\n",
       "      <td>0.4776</td>\n",
       "      <td>0.6853</td>\n",
       "      <td>0.8766</td>\n",
       "      <td>0.1835</td>\n",
       "      <td>0.5239</td>\n",
       "      <td>0.0721</td>\n",
       "      <td>0.1676</td>\n",
       "      <td>-0.1582</td>\n",
       "      <td>0.7559</td>\n",
       "      <td>1.0000</td>\n",
       "      <td>-0.0519</td>\n",
       "      <td>0.4239</td>\n",
       "      <td>0.0233</td>\n",
       "      <td>-0.2612</td>\n",
       "      <td>-0.0008</td>\n",
       "      <td>0.3438</td>\n",
       "      <td>0.7319</td>\n",
       "      <td>0.1940</td>\n",
       "    </tr>\n",
       "    <tr>\n",
       "      <th>sqft_basement</th>\n",
       "      <td>-0.0052</td>\n",
       "      <td>0.3238</td>\n",
       "      <td>0.3031</td>\n",
       "      <td>0.2838</td>\n",
       "      <td>0.4350</td>\n",
       "      <td>0.0153</td>\n",
       "      <td>-0.2457</td>\n",
       "      <td>0.0806</td>\n",
       "      <td>0.2769</td>\n",
       "      <td>0.1741</td>\n",
       "      <td>0.1684</td>\n",
       "      <td>-0.0519</td>\n",
       "      <td>1.0000</td>\n",
       "      <td>-0.1331</td>\n",
       "      <td>0.0713</td>\n",
       "      <td>0.0748</td>\n",
       "      <td>0.1105</td>\n",
       "      <td>-0.1448</td>\n",
       "      <td>0.2004</td>\n",
       "      <td>0.0173</td>\n",
       "    </tr>\n",
       "    <tr>\n",
       "      <th>yr_built</th>\n",
       "      <td>0.0214</td>\n",
       "      <td>0.0540</td>\n",
       "      <td>0.1542</td>\n",
       "      <td>0.5060</td>\n",
       "      <td>0.3180</td>\n",
       "      <td>0.0531</td>\n",
       "      <td>0.4893</td>\n",
       "      <td>-0.0262</td>\n",
       "      <td>-0.0534</td>\n",
       "      <td>-0.3614</td>\n",
       "      <td>0.4470</td>\n",
       "      <td>0.4239</td>\n",
       "      <td>-0.1331</td>\n",
       "      <td>1.0000</td>\n",
       "      <td>-0.2249</td>\n",
       "      <td>-0.3469</td>\n",
       "      <td>-0.1481</td>\n",
       "      <td>0.4094</td>\n",
       "      <td>0.3262</td>\n",
       "      <td>0.0710</td>\n",
       "    </tr>\n",
       "    <tr>\n",
       "      <th>yr_renovated</th>\n",
       "      <td>-0.0169</td>\n",
       "      <td>0.1264</td>\n",
       "      <td>0.0188</td>\n",
       "      <td>0.0507</td>\n",
       "      <td>0.0554</td>\n",
       "      <td>0.0076</td>\n",
       "      <td>0.0063</td>\n",
       "      <td>0.0929</td>\n",
       "      <td>0.1039</td>\n",
       "      <td>-0.0606</td>\n",
       "      <td>0.0144</td>\n",
       "      <td>0.0233</td>\n",
       "      <td>0.0713</td>\n",
       "      <td>-0.2249</td>\n",
       "      <td>1.0000</td>\n",
       "      <td>0.0644</td>\n",
       "      <td>0.0294</td>\n",
       "      <td>-0.0684</td>\n",
       "      <td>-0.0027</td>\n",
       "      <td>0.0079</td>\n",
       "    </tr>\n",
       "    <tr>\n",
       "      <th>zipcode</th>\n",
       "      <td>-0.0082</td>\n",
       "      <td>-0.0532</td>\n",
       "      <td>-0.1527</td>\n",
       "      <td>-0.2039</td>\n",
       "      <td>-0.1994</td>\n",
       "      <td>-0.1296</td>\n",
       "      <td>-0.0591</td>\n",
       "      <td>0.0303</td>\n",
       "      <td>0.0848</td>\n",
       "      <td>0.0030</td>\n",
       "      <td>-0.1849</td>\n",
       "      <td>-0.2612</td>\n",
       "      <td>0.0748</td>\n",
       "      <td>-0.3469</td>\n",
       "      <td>0.0644</td>\n",
       "      <td>1.0000</td>\n",
       "      <td>0.2670</td>\n",
       "      <td>-0.5641</td>\n",
       "      <td>-0.2790</td>\n",
       "      <td>-0.1472</td>\n",
       "    </tr>\n",
       "    <tr>\n",
       "      <th>lat</th>\n",
       "      <td>-0.0019</td>\n",
       "      <td>0.3070</td>\n",
       "      <td>-0.0089</td>\n",
       "      <td>0.0246</td>\n",
       "      <td>0.0525</td>\n",
       "      <td>-0.0857</td>\n",
       "      <td>0.0496</td>\n",
       "      <td>-0.0143</td>\n",
       "      <td>0.0062</td>\n",
       "      <td>-0.0149</td>\n",
       "      <td>0.1141</td>\n",
       "      <td>-0.0008</td>\n",
       "      <td>0.1105</td>\n",
       "      <td>-0.1481</td>\n",
       "      <td>0.0294</td>\n",
       "      <td>0.2670</td>\n",
       "      <td>1.0000</td>\n",
       "      <td>-0.1355</td>\n",
       "      <td>0.0489</td>\n",
       "      <td>-0.0864</td>\n",
       "    </tr>\n",
       "    <tr>\n",
       "      <th>long</th>\n",
       "      <td>0.0208</td>\n",
       "      <td>0.0216</td>\n",
       "      <td>0.1295</td>\n",
       "      <td>0.2230</td>\n",
       "      <td>0.2402</td>\n",
       "      <td>0.2295</td>\n",
       "      <td>0.1254</td>\n",
       "      <td>-0.0419</td>\n",
       "      <td>-0.0784</td>\n",
       "      <td>-0.1065</td>\n",
       "      <td>0.1984</td>\n",
       "      <td>0.3438</td>\n",
       "      <td>-0.1448</td>\n",
       "      <td>0.4094</td>\n",
       "      <td>-0.0684</td>\n",
       "      <td>-0.5641</td>\n",
       "      <td>-0.1355</td>\n",
       "      <td>1.0000</td>\n",
       "      <td>0.3346</td>\n",
       "      <td>0.2545</td>\n",
       "    </tr>\n",
       "    <tr>\n",
       "      <th>sqft_living15</th>\n",
       "      <td>-0.0029</td>\n",
       "      <td>0.5854</td>\n",
       "      <td>0.3916</td>\n",
       "      <td>0.5686</td>\n",
       "      <td>0.7564</td>\n",
       "      <td>0.1446</td>\n",
       "      <td>0.2799</td>\n",
       "      <td>0.0865</td>\n",
       "      <td>0.2804</td>\n",
       "      <td>-0.0928</td>\n",
       "      <td>0.7132</td>\n",
       "      <td>0.7319</td>\n",
       "      <td>0.2004</td>\n",
       "      <td>0.3262</td>\n",
       "      <td>-0.0027</td>\n",
       "      <td>-0.2790</td>\n",
       "      <td>0.0489</td>\n",
       "      <td>0.3346</td>\n",
       "      <td>1.0000</td>\n",
       "      <td>0.1832</td>\n",
       "    </tr>\n",
       "    <tr>\n",
       "      <th>sqft_lot15</th>\n",
       "      <td>-0.1388</td>\n",
       "      <td>0.0824</td>\n",
       "      <td>0.0292</td>\n",
       "      <td>0.0872</td>\n",
       "      <td>0.1833</td>\n",
       "      <td>0.7186</td>\n",
       "      <td>-0.0113</td>\n",
       "      <td>0.0307</td>\n",
       "      <td>0.0726</td>\n",
       "      <td>-0.0034</td>\n",
       "      <td>0.1192</td>\n",
       "      <td>0.1940</td>\n",
       "      <td>0.0173</td>\n",
       "      <td>0.0710</td>\n",
       "      <td>0.0079</td>\n",
       "      <td>-0.1472</td>\n",
       "      <td>-0.0864</td>\n",
       "      <td>0.2545</td>\n",
       "      <td>0.1832</td>\n",
       "      <td>1.0000</td>\n",
       "    </tr>\n",
       "  </tbody>\n",
       "</table>\n",
       "</div>"
      ],
      "text/plain": [
       "                   id   price  bedrooms  bathrooms  sqft_living  sqft_lot  \\\n",
       "id             1.0000 -0.0168    0.0013     0.0052      -0.0123   -0.1321   \n",
       "price         -0.0168  1.0000    0.3083     0.5251       0.7020    0.0897   \n",
       "bedrooms       0.0013  0.3083    1.0000     0.5159       0.5767    0.0317   \n",
       "bathrooms      0.0052  0.5251    0.5159     1.0000       0.7547    0.0877   \n",
       "sqft_living   -0.0123  0.7020    0.5767     0.7547       1.0000    0.1728   \n",
       "sqft_lot      -0.1321  0.0897    0.0317     0.0877       0.1728    1.0000   \n",
       "floors         0.0185  0.2568    0.1754     0.5007       0.3539   -0.0052   \n",
       "waterfront    -0.0027  0.2664   -0.0066     0.0637       0.1038    0.0216   \n",
       "view           0.0116  0.3973    0.0795     0.1877       0.2846    0.0747   \n",
       "condition     -0.0238  0.0364    0.0285    -0.1250      -0.0588   -0.0090   \n",
       "grade          0.0081  0.6674    0.3570     0.6650       0.7627    0.1136   \n",
       "sqft_above    -0.0108  0.6056    0.4776     0.6853       0.8766    0.1835   \n",
       "sqft_basement -0.0052  0.3238    0.3031     0.2838       0.4350    0.0153   \n",
       "yr_built       0.0214  0.0540    0.1542     0.5060       0.3180    0.0531   \n",
       "yr_renovated  -0.0169  0.1264    0.0188     0.0507       0.0554    0.0076   \n",
       "zipcode       -0.0082 -0.0532   -0.1527    -0.2039      -0.1994   -0.1296   \n",
       "lat           -0.0019  0.3070   -0.0089     0.0246       0.0525   -0.0857   \n",
       "long           0.0208  0.0216    0.1295     0.2230       0.2402    0.2295   \n",
       "sqft_living15 -0.0029  0.5854    0.3916     0.5686       0.7564    0.1446   \n",
       "sqft_lot15    -0.1388  0.0824    0.0292     0.0872       0.1833    0.7186   \n",
       "\n",
       "               floors  waterfront    view  condition   grade  sqft_above  \\\n",
       "id             0.0185     -0.0027  0.0116    -0.0238  0.0081     -0.0108   \n",
       "price          0.2568      0.2664  0.3973     0.0364  0.6674      0.6056   \n",
       "bedrooms       0.1754     -0.0066  0.0795     0.0285  0.3570      0.4776   \n",
       "bathrooms      0.5007      0.0637  0.1877    -0.1250  0.6650      0.6853   \n",
       "sqft_living    0.3539      0.1038  0.2846    -0.0588  0.7627      0.8766   \n",
       "sqft_lot      -0.0052      0.0216  0.0747    -0.0090  0.1136      0.1835   \n",
       "floors         1.0000      0.0237  0.0294    -0.2638  0.4582      0.5239   \n",
       "waterfront     0.0237      1.0000  0.4019     0.0167  0.0828      0.0721   \n",
       "view           0.0294      0.4019  1.0000     0.0460  0.2513      0.1676   \n",
       "condition     -0.2638      0.0167  0.0460     1.0000 -0.1447     -0.1582   \n",
       "grade          0.4582      0.0828  0.2513    -0.1447  1.0000      0.7559   \n",
       "sqft_above     0.5239      0.0721  0.1676    -0.1582  0.7559      1.0000   \n",
       "sqft_basement -0.2457      0.0806  0.2769     0.1741  0.1684     -0.0519   \n",
       "yr_built       0.4893     -0.0262 -0.0534    -0.3614  0.4470      0.4239   \n",
       "yr_renovated   0.0063      0.0929  0.1039    -0.0606  0.0144      0.0233   \n",
       "zipcode       -0.0591      0.0303  0.0848     0.0030 -0.1849     -0.2612   \n",
       "lat            0.0496     -0.0143  0.0062    -0.0149  0.1141     -0.0008   \n",
       "long           0.1254     -0.0419 -0.0784    -0.1065  0.1984      0.3438   \n",
       "sqft_living15  0.2799      0.0865  0.2804    -0.0928  0.7132      0.7319   \n",
       "sqft_lot15    -0.0113      0.0307  0.0726    -0.0034  0.1192      0.1940   \n",
       "\n",
       "               sqft_basement  yr_built  yr_renovated  zipcode     lat    long  \\\n",
       "id                   -0.0052    0.0214       -0.0169  -0.0082 -0.0019  0.0208   \n",
       "price                 0.3238    0.0540        0.1264  -0.0532  0.3070  0.0216   \n",
       "bedrooms              0.3031    0.1542        0.0188  -0.1527 -0.0089  0.1295   \n",
       "bathrooms             0.2838    0.5060        0.0507  -0.2039  0.0246  0.2230   \n",
       "sqft_living           0.4350    0.3180        0.0554  -0.1994  0.0525  0.2402   \n",
       "sqft_lot              0.0153    0.0531        0.0076  -0.1296 -0.0857  0.2295   \n",
       "floors               -0.2457    0.4893        0.0063  -0.0591  0.0496  0.1254   \n",
       "waterfront            0.0806   -0.0262        0.0929   0.0303 -0.0143 -0.0419   \n",
       "view                  0.2769   -0.0534        0.1039   0.0848  0.0062 -0.0784   \n",
       "condition             0.1741   -0.3614       -0.0606   0.0030 -0.0149 -0.1065   \n",
       "grade                 0.1684    0.4470        0.0144  -0.1849  0.1141  0.1984   \n",
       "sqft_above           -0.0519    0.4239        0.0233  -0.2612 -0.0008  0.3438   \n",
       "sqft_basement         1.0000   -0.1331        0.0713   0.0748  0.1105 -0.1448   \n",
       "yr_built             -0.1331    1.0000       -0.2249  -0.3469 -0.1481  0.4094   \n",
       "yr_renovated          0.0713   -0.2249        1.0000   0.0644  0.0294 -0.0684   \n",
       "zipcode               0.0748   -0.3469        0.0644   1.0000  0.2670 -0.5641   \n",
       "lat                   0.1105   -0.1481        0.0294   0.2670  1.0000 -0.1355   \n",
       "long                 -0.1448    0.4094       -0.0684  -0.5641 -0.1355  1.0000   \n",
       "sqft_living15         0.2004    0.3262       -0.0027  -0.2790  0.0489  0.3346   \n",
       "sqft_lot15            0.0173    0.0710        0.0079  -0.1472 -0.0864  0.2545   \n",
       "\n",
       "               sqft_living15  sqft_lot15  \n",
       "id                   -0.0029     -0.1388  \n",
       "price                 0.5854      0.0824  \n",
       "bedrooms              0.3916      0.0292  \n",
       "bathrooms             0.5686      0.0872  \n",
       "sqft_living           0.7564      0.1833  \n",
       "sqft_lot              0.1446      0.7186  \n",
       "floors                0.2799     -0.0113  \n",
       "waterfront            0.0865      0.0307  \n",
       "view                  0.2804      0.0726  \n",
       "condition            -0.0928     -0.0034  \n",
       "grade                 0.7132      0.1192  \n",
       "sqft_above            0.7319      0.1940  \n",
       "sqft_basement         0.2004      0.0173  \n",
       "yr_built              0.3262      0.0710  \n",
       "yr_renovated         -0.0027      0.0079  \n",
       "zipcode              -0.2790     -0.1472  \n",
       "lat                   0.0489     -0.0864  \n",
       "long                  0.3346      0.2545  \n",
       "sqft_living15         1.0000      0.1832  \n",
       "sqft_lot15            0.1832      1.0000  "
      ]
     },
     "execution_count": 6,
     "metadata": {},
     "output_type": "execute_result"
    }
   ],
   "source": [
    "df.corr().round(4)"
   ]
  },
  {
   "cell_type": "code",
   "execution_count": 7,
   "metadata": {},
   "outputs": [],
   "source": [
    "## more relevant features comparing to 'price'\n",
    "## correlation > 0.30\n",
    "\n",
    "df = df[['id', 'date', 'price','bedrooms', 'bathrooms', 'sqft_living', 'view', 'grade', \n",
    "         'sqft_above', 'sqft_basement', 'sqft_living15']]\n",
    "\n"
   ]
  },
  {
   "cell_type": "code",
   "execution_count": 8,
   "metadata": {},
   "outputs": [
    {
     "data": {
      "text/html": [
       "<div>\n",
       "<style scoped>\n",
       "    .dataframe tbody tr th:only-of-type {\n",
       "        vertical-align: middle;\n",
       "    }\n",
       "\n",
       "    .dataframe tbody tr th {\n",
       "        vertical-align: top;\n",
       "    }\n",
       "\n",
       "    .dataframe thead th {\n",
       "        text-align: right;\n",
       "    }\n",
       "</style>\n",
       "<table border=\"1\" class=\"dataframe\">\n",
       "  <thead>\n",
       "    <tr style=\"text-align: right;\">\n",
       "      <th></th>\n",
       "      <th>id</th>\n",
       "      <th>price</th>\n",
       "      <th>bedrooms</th>\n",
       "      <th>bathrooms</th>\n",
       "      <th>sqft_living</th>\n",
       "      <th>view</th>\n",
       "      <th>grade</th>\n",
       "      <th>sqft_above</th>\n",
       "      <th>sqft_basement</th>\n",
       "      <th>sqft_living15</th>\n",
       "    </tr>\n",
       "  </thead>\n",
       "  <tbody>\n",
       "    <tr>\n",
       "      <th>count</th>\n",
       "      <td>2.161300e+04</td>\n",
       "      <td>2.161300e+04</td>\n",
       "      <td>21613.000000</td>\n",
       "      <td>21613.000000</td>\n",
       "      <td>21613.000000</td>\n",
       "      <td>21613.000000</td>\n",
       "      <td>21613.000000</td>\n",
       "      <td>21613.000000</td>\n",
       "      <td>21613.000000</td>\n",
       "      <td>21613.000000</td>\n",
       "    </tr>\n",
       "    <tr>\n",
       "      <th>mean</th>\n",
       "      <td>4.580302e+09</td>\n",
       "      <td>5.400881e+05</td>\n",
       "      <td>3.370842</td>\n",
       "      <td>2.114757</td>\n",
       "      <td>2079.899736</td>\n",
       "      <td>0.234303</td>\n",
       "      <td>7.656873</td>\n",
       "      <td>1788.390691</td>\n",
       "      <td>291.509045</td>\n",
       "      <td>1986.552492</td>\n",
       "    </tr>\n",
       "    <tr>\n",
       "      <th>std</th>\n",
       "      <td>2.876566e+09</td>\n",
       "      <td>3.671272e+05</td>\n",
       "      <td>0.930062</td>\n",
       "      <td>0.770163</td>\n",
       "      <td>918.440897</td>\n",
       "      <td>0.766318</td>\n",
       "      <td>1.175459</td>\n",
       "      <td>828.090978</td>\n",
       "      <td>442.575043</td>\n",
       "      <td>685.391304</td>\n",
       "    </tr>\n",
       "    <tr>\n",
       "      <th>min</th>\n",
       "      <td>1.000102e+06</td>\n",
       "      <td>7.500000e+04</td>\n",
       "      <td>0.000000</td>\n",
       "      <td>0.000000</td>\n",
       "      <td>290.000000</td>\n",
       "      <td>0.000000</td>\n",
       "      <td>1.000000</td>\n",
       "      <td>290.000000</td>\n",
       "      <td>0.000000</td>\n",
       "      <td>399.000000</td>\n",
       "    </tr>\n",
       "    <tr>\n",
       "      <th>25%</th>\n",
       "      <td>2.123049e+09</td>\n",
       "      <td>3.219500e+05</td>\n",
       "      <td>3.000000</td>\n",
       "      <td>1.750000</td>\n",
       "      <td>1427.000000</td>\n",
       "      <td>0.000000</td>\n",
       "      <td>7.000000</td>\n",
       "      <td>1190.000000</td>\n",
       "      <td>0.000000</td>\n",
       "      <td>1490.000000</td>\n",
       "    </tr>\n",
       "    <tr>\n",
       "      <th>50%</th>\n",
       "      <td>3.904930e+09</td>\n",
       "      <td>4.500000e+05</td>\n",
       "      <td>3.000000</td>\n",
       "      <td>2.250000</td>\n",
       "      <td>1910.000000</td>\n",
       "      <td>0.000000</td>\n",
       "      <td>7.000000</td>\n",
       "      <td>1560.000000</td>\n",
       "      <td>0.000000</td>\n",
       "      <td>1840.000000</td>\n",
       "    </tr>\n",
       "    <tr>\n",
       "      <th>75%</th>\n",
       "      <td>7.308900e+09</td>\n",
       "      <td>6.450000e+05</td>\n",
       "      <td>4.000000</td>\n",
       "      <td>2.500000</td>\n",
       "      <td>2550.000000</td>\n",
       "      <td>0.000000</td>\n",
       "      <td>8.000000</td>\n",
       "      <td>2210.000000</td>\n",
       "      <td>560.000000</td>\n",
       "      <td>2360.000000</td>\n",
       "    </tr>\n",
       "    <tr>\n",
       "      <th>max</th>\n",
       "      <td>9.900000e+09</td>\n",
       "      <td>7.700000e+06</td>\n",
       "      <td>33.000000</td>\n",
       "      <td>8.000000</td>\n",
       "      <td>13540.000000</td>\n",
       "      <td>4.000000</td>\n",
       "      <td>13.000000</td>\n",
       "      <td>9410.000000</td>\n",
       "      <td>4820.000000</td>\n",
       "      <td>6210.000000</td>\n",
       "    </tr>\n",
       "  </tbody>\n",
       "</table>\n",
       "</div>"
      ],
      "text/plain": [
       "                 id         price      bedrooms     bathrooms   sqft_living  \\\n",
       "count  2.161300e+04  2.161300e+04  21613.000000  21613.000000  21613.000000   \n",
       "mean   4.580302e+09  5.400881e+05      3.370842      2.114757   2079.899736   \n",
       "std    2.876566e+09  3.671272e+05      0.930062      0.770163    918.440897   \n",
       "min    1.000102e+06  7.500000e+04      0.000000      0.000000    290.000000   \n",
